r_arm:-1.26984642025, -0.346753080336, 0.3376754993, -1.28559594733, 0.0834430898427, -0.277589986603, 75.4726175675
l_arm:1.2369100506, -0.352642240608, -0.225796147053, -1.37490934084, 6.04901024705, -0.15997837704, -235.703012088
r_gripper: 0.035075
l_gripper: 0.037396
head:0.0141444504937, -0.0063879050623
