r_arm:-0.36840276973, -0.308093200477, -0.385685122455, -1.10376393384, -0.947854776312, -1.30694075252, 1.26992439101
l_arm:0.0271366901256, -0.242668840573, 0.00110593226073, -1.21131843698, 1.61520457355, -1.49196045697, 3.32166112862
r_gripper: 0.086232
l_gripper: 0.039145
head:-0.0834543612778, 0.126187304919
