r_arm:-0.444096511377, -0.209032545522, -0.268465744378, -1.03630078233, -1.02490709613, -1.51582707792, 1.14814292365
l_arm:0.0557394731138, -0.175246686858, 0.00816154462101, -1.26792378513, 1.55290326091, -1.55391715919, 3.26544760385
r_gripper: 0.087552
l_gripper: 0.035970
head:-0.0824071637266, 0.0861843584635
