r_arm:-0.218922138636, -0.187883814745, -0.237677617715, -1.25432547367, -1.27793025445, -1.35375635055, 1.37895774478
l_arm:0.0731498627587, -0.185990242093, -0.00498755114132, -1.26618653659, 1.50697267387, -1.5740617892, 3.23677522551
r_gripper: 0.087818
l_gripper: 0.030105
head:-0.0825118834818, 0.126396744429
