r_arm:-0.0629747913871, -0.215461759677, -0.120778949292, -1.14125954808, -1.38112945757, -1.5066902047, -3.36373209068
l_arm:0.0558223797311, -0.175331281782, 0.00816154462101, -1.26792378513, 1.55261402547, -1.55422172163, -3.01737098529
r_gripper: 0.035403
l_gripper: 0.036164
head:-0.0825118834818, 0.0908967474439
