r_arm:-0.0522798377481, -0.23051965599, -0.091915080545, -1.16239607195, -1.44938902017, -1.55550721305, -1.75485924324
l_arm:0.0558223797311, -0.174908307166, 0.00816154462101, -1.26777901441, 1.55325034343, -1.55374312351, -3.01750151205
r_gripper: 0.035448
l_gripper: 0.036164
head:-0.0824071637266, 0.0889070720966
