r_arm:-0.0755765972254, -0.201419002442, -0.141785431546, -1.17267479245, -1.3756918314, -1.45069422453, -4.92156897484
l_arm:0.0557394731138, -0.175246686858, 0.00816154462101, -1.26792378513, 1.552961108, -1.55396066811, -3.01771905665
r_gripper: 0.035403
l_gripper: 0.036164
head:-0.0823024439715, 0.0908967474439
