r_arm:-0.0909143214364, -0.10599592918, -0.0911133064131, -1.52649441107, -1.50220341056, -1.48032379912, 1.64623304095
l_arm:-0.21138564801, 0.399068246098, -0.238464178336, -1.96528430186, 1.6340627239, -0.187867594824, 0.00484562266793
r_gripper: 0.087675
l_gripper: 0.035863
head:-0.0821977242164, 0.0797964534012
