r_arm:-0.135849708044, -0.119361927031, -0.0939996932878, -1.5280868889, -1.59875019868, -1.50516739249, -3.03763273453
l_arm:-0.012492672971, 0.390608753787, -0.236860630072, -1.98859238639, 1.45971160383, -0.124040009038, -6.1427472428
r_gripper: 0.086604
l_gripper: 0.035863
head:-0.0825118834818, 0.0774926187885
