r_arm:0.0768886720941, -0.113524877337, -0.174658170952, -1.52055881191, -1.59059375942, -1.41327655324, -1.51482053105
l_arm:-0.27854000807, 0.408965852101, -0.202544697229, -1.99843679477, 1.69960347342, -0.123909482277, -6.14270373388
r_gripper: 0.095349
l_gripper: 0.035863
head:-0.0824071637266, 0.0774926187885
