r_arm:-0.105340072857, -0.188306789361, -0.271993550558, -1.24563923099, -1.35868478783, -1.30406916379, 1.35572398144
l_arm:0.0680096524826, -0.187597545632, 0.00351125465628, -1.27487277927, 1.53126845039, -1.64598203412, 3.2352524133
r_gripper: 0.037678
l_gripper: 0.097985
head:-0.0826166032369, 0.12723450247
