r_arm:0.0483687957233, -0.169357526586, 0.0272285554478, -1.25287776656, -1.58064406046, -1.60863160449, -9.52994677395
l_arm:0.0731498627587, -0.186074837016, -0.00498755114132, -1.26618653659, 1.50714621513, -1.57397477136, -15.6128552828
r_gripper: 0.035490
l_gripper: 0.036442
head:-0.0823024439715, 0.0904778684234
