r_arm:0.0710852088791, -0.194989788286, 0.0665154879085, -1.27705447536, -1.70686640419, -1.68185711702, -14.2215571372
l_arm:0.0731498627587, -0.185990242093, -0.00498755114132, -1.26618653659, 1.50697267387, -1.57423582488, -15.6126812471
r_gripper: 0.035490
l_gripper: 0.036442
head:-0.0825118834818, 0.0904778684234
