r_arm:0.0620483875872, -0.171134019971, 0.0517628438824, -1.23391280337, -1.57705754107, -1.62577411901, -7.99242855547
l_arm:0.0731498627587, -0.185990242093, -0.00498755114132, -1.26618653659, 1.50691482678, -1.57401828028, -15.6128117738
r_gripper: 0.095490
l_gripper: 0.036442
head:-0.0825118834818, 0.0904778684234
