r_arm:-0.131206937472, -0.197781420749, -0.215067587197, -1.31107559254, -1.34219836805, -1.35227704726, -4.78599517981
l_arm:-0.144480007803, 0.25145010528, -0.165983796817, -1.8551137905, 1.73789824498, -0.214495053925, -15.7296332243
r_gripper: 0.087542
l_gripper: 0.036442
head:-0.0824071637266, 0.090163709158
