r_arm:-0.090582694967, -0.144655809039, -0.251628487609, -1.366522775, -1.43186135283, -1.29179964832, 1.45379308735
l_arm:0.0654395473445, -0.181252926399, -0.000337261176597, -1.26922672153, 1.50928655735, -1.61278472809, 3.24713034849
r_gripper: 0.037686
l_gripper: 0.090105
head:-0.0828260427471, 0.126920343205
