r_arm:0.181019383494, -0.278569572313, -0.127193142346, -1.26648621343, -1.70605654497, -1.52831413799, -7.86903725807
l_arm:-0.144480007803, 0.25145010528, -0.165983796817, -1.8551137905, 1.73789824498, -0.214495053925, -15.7296332243
r_gripper: 0.035562
l_gripper: 0.036442
head:-0.0825118834818, 0.0885929128312
