r_arm:-0.201511748991, -0.263511676001, -0.0776435009981, -1.26851300339, -1.28730148254, -1.60397615004, -1.60492750457
l_arm:0.251730716546, 0.244851701278, -0.179613957058, -1.84121580221, 1.35298372841, -0.214669089605, -15.7294591886
r_gripper: 0.087826
l_gripper: 0.036442
head:-0.0824071637266, 0.0836710843406
