r_arm:0.136747249826, -0.0860315273276, 0.159521287203, -1.06047749113, -12.7945911013, -1.71683507581, 6.34260452318
l_arm:0.553262083873, 0.106369812156, -0.0258336785694, -1.51287582879, -0.0608569237511, -0.414070470422, -6.45351472488
r_gripper: 0.035307
l_gripper: 0.080474
head:-0.0438702938426, 0.350497020386
