r_arm:-0.513489350105, 0.165638368908, 0.139637288733, -1.24419152388, -18.6763672082, -0.56706835326, 18.806691882
l_arm:-0.0302346890854, -0.0886214855994, -0.0131656472862, -1.19988155078, 0.38965618942, -1.50792823065, -9.320447997
r_gripper: 0.034843
l_gripper: 0.034843
head:0.411765360683, 0.0928864227911
