r_arm:-0.102852874336, -0.187714624899, -0.275040292259, -1.24549446028, -1.3592632587, -1.31155269805, 1.36303348002
l_arm:0.173218149909, -0.195380278557, -0.0402656129427, -1.26387020521, 1.4589595917, -1.6628199862, 3.23425170814
r_gripper: 0.039983
l_gripper: 0.087729
head:-0.0825118834818, 0.126396744429
