r_arm:-0.162877265302, -0.321290008481, -0.387609380371, -1.10260576814, -1.14008064625, -1.32830363229, 1.28049705859
l_arm:0.161030877157, -0.25214347196, -0.0450762577338, -1.202776965, 1.50170858896, -1.55744138172, 3.31848497745
r_gripper: 0.039781
l_gripper: 0.087722
head:-0.082721322992, 0.125454266633
