r_arm:0.215591442932, 0.238474597701, 0.120875774048, -1.815456751, -1.78189407597, -0.103216275364, 12.6296932021
l_arm:-0.188835048089, -0.272277063659, -0.0421898708591, -1.30165536088, 1.80552148962, -1.64151511832, -12.5816892246
r_gripper: 0.036101
l_gripper: 0.095307
head:-0.0821977242164, 0.0588525023772
