r_arm:0.21567434955, 0.238390002778, 0.120875774048, -1.815456751, -1.78189407597, -0.101954516681, 12.629736711
l_arm:-0.170263965801, -0.254173750115, 0.000143803302513, -1.35768162618, 1.81657028323, -1.56955136448, -7.88411813931
r_gripper: 0.036101
l_gripper: 0.095307
head:-0.0823024439715, 0.0588525023772
