r_arm:0.21567434955, 0.238390002778, 0.120875774048, -1.815456751, -1.78189407597, -0.101911007761, 12.6297802199
l_arm:-0.171093031975, -0.251635902422, 0.00591657705183, -1.35811593832, 1.81720660119, -1.54409864622, -9.45378944974
r_gripper: 0.036101
l_gripper: 0.095307
head:-0.082721322992, 0.0588525023772
