r_arm:0.21567434955, 0.238390002778, 0.120875774048, -1.815456751, -1.78183622888, -0.103085748604, 12.6298237288
l_arm:-0.186016223099, -0.268554887043, -0.0375395808944, -1.30657756507, 1.80355468867, -1.61619292683, -11.012148441
r_gripper: 0.036101
l_gripper: 0.035307
head:-0.0826166032369, 0.0588525023772
