r_arm:-0.10177508831, -0.187630029976, -0.27455922778, -1.24549446028, -1.36435380236, -1.31433726894, 1.36581805091
l_arm:0.061128403242, -0.182606445168, -0.00113903530845, -1.26966103366, 1.51738514952, -1.57275652159, 3.24225734944
r_gripper: 0.099983
l_gripper: 0.038011
head:-0.0828260427471, 0.127129782715
