r_arm:-0.102852874336, -0.187714624899, -0.275040292259, -1.24549446028, -1.35943679997, -1.31163971589, -11.203299841
l_arm:0.0932132641591, -0.174400737627, -0.0200609048201, -1.32337096759, 1.55949782882, -1.61039173748, -1.51592166157
r_gripper: 0.036355
l_gripper: 0.035444
head:-0.0823024439715, 0.0899542696478
