r_arm:0.240380521522, 0.0981316202708, -0.0163879573248, -1.49290760603, 0.0284305101528, -0.216346161303, -4.94802239827
l_arm:0.121069887591, -0.353826569532, -0.0566218052324, -1.09752865783, 1.55145708373, -1.52898654797, -2.99500740036
r_gripper: 0.036242
l_gripper: 0.087424
head:-0.0824071637266, 0.092781703036
