r_arm:0.240380521522, 0.0981316202708, -0.0163879573248, -1.49290760603, 0.0284305101528, -0.216346161303, -4.94802239827
l_arm:-0.0478108919651, -0.354926303532, -0.0511697411359, -1.0844992938, 1.68832329146, -1.5312055029, 0.153602620488
r_gripper: 0.038231
l_gripper: 0.095318
head:-0.0824071637266, 0.0904778684234
