r_arm:0.240380521522, 0.0981316202708, -0.0163879573248, -1.49290760603, 0.0284305101528, -0.216346161303, -4.94802239827
l_arm:-0.0491373978428, -0.355180088302, -0.0514904507886, -1.0742205733, 1.6681925052, -1.52889953013, -1.40075355007
r_gripper: 0.038231
l_gripper: 0.095318
head:-0.0824071637266, 0.0904778684234
