r_arm:0.240380521522, 0.0981316202708, -0.0163879573248, -1.49290760603, 0.0284883572397, -0.216346161303, -4.94802239827
l_arm:-0.0526194757718, -0.355433873071, -0.0498869025249, -1.07103561764, 1.66720910472, -1.52006721935, -4.57860156522
r_gripper: 0.036008
l_gripper: 0.035525
head:-0.0824071637266, 0.0853466004225
