r_arm:0.240380521522, 0.0981316202708, -0.0163879573248, -1.49290760603, 0.0284305101528, -0.216346161303, -4.94802239827
l_arm:-0.0537801684148, -0.355349278148, -0.0415484515537, -1.06828497413, 1.66720910472, -1.50858086445, -2.99600810552
r_gripper: 0.038231
l_gripper: 0.035318
head:-0.0824071637266, 0.0904778684234
