r_arm:-0.16138494619, -0.318329186172, -0.38809044485, -1.10550118237, -1.14349362438, -1.33087065857, 1.28001846047
l_arm:0.0573976054609, -0.182606445168, 0.00479409326724, -1.26806855584, 1.55278756673, -1.50196750859, 3.27371429867
r_gripper: 0.039781
l_gripper: 0.097934
head:-0.0826166032369, 0.127129782715
