r_arm:-0.162877265302, -0.321290008481, -0.387609380371, -1.10260576814, -1.14008064625, -1.32830363229, -5.00271311083
l_arm:0.06369850838, -0.207054377946, -0.0304839685341, -1.30093150732, 1.62139421186, -1.5331634043, 9.4736048861
r_gripper: 0.036242
l_gripper: 0.035311
head:-0.082721322992, 0.0966563339754
