r_arm:-0.162877265302, -0.321205413558, -0.387609380371, -1.10260576814, -1.14013849334, -1.32873872149, -5.00262609299
l_arm:0.0663515201354, -0.213652781948, -0.0341721295406, -1.3019449023, 1.64019451512, -1.56227087185, 12.6446655097
r_gripper: 0.036242
l_gripper: 0.095377
head:-0.0826166032369, 0.0942477796077
