r_arm:-0.162877265302, -0.321036223712, -0.387769735197, -1.10260576814, -1.14008064625, -1.32865170365, -5.00288714651
l_arm:0.0619574694155, -0.243261005034, -0.0367378067626, -1.24881405122, 1.62903002734, -1.62427108299, 6.39256421817
r_gripper: 0.036242
l_gripper: 0.035505
head:-0.0830354822574, 0.0803200521768
