r_arm:-0.821155807117, -0.0315523968484, -0.826179830493, -1.04571087857, 0.246340486696, -1.07807713912, 13.3599607825
l_arm:0.0972756884096, -0.0551218960501, 0.384674676937, -1.38620145633, 1.45201794127, -1.19772971138, 6.43968772548
r_gripper: 0.08
l_gripper: 0.03
head:0.0738347109119, 0.252584049349
torso:0.0128311990394
