r_arm:-0.117858972077, 0.0634477017979, 0.0601012948537, -1.56543773244, -0.0213758317117, -0.095287611386, 75.5026387224
l_arm:0.139060623558, 0.0713475139911, -0.0489247735667, -1.61074082968, 6.25054949799, -0.15997837704, -235.703012088
r_gripper: 0.035075
l_gripper: 0.037396
head:0.0142491702488, -0.00649262481742
