r_arm:-0.163208891772, -0.324589210482, -0.383119445233, -1.09782833467, -1.13840308073, -1.31633867926, 1.27984442479
l_arm:0.0276341298297, -0.240469372572, 0.000945577434362, -1.21146320769, 1.61520457355, -1.51206157805, 3.32148709294
r_gripper: 0.037597
l_gripper: 0.099145
head:-0.0828260427471, 0.126187304919
