l_arm:0.132102800574, -0.258131405596, -0.0357265080437, -1.26142714594, 1.49841757132, -1.68258579619, 15.7492072237
r_arm:0.0553846769797, -0.258946358933, -0.125435732684, -1.23163934755, -1.56627772043, -1.48128899656, -29.9122530159
l_gripper:0.02
r_gripper:0.0874385421512
head:-0.063863299387, -0.0353952772304
torso:0.0128082039373
time: 5.000000
label: LD_D_A

