r_arm:-0.0597414333102, -0.225951530142, -0.106828079397, -1.15964542843, -1.425324632, -1.51996042533, -0.180140898071
l_arm:0.0557394731138, -0.175246686858, 0.00816154462101, -1.26792378513, 1.55278756673, -1.55396066811, -3.01780607449
r_gripper: 0.035448
l_gripper: 0.036164
head:-0.0824071637266, 0.0889070720966
