r_arm:-0.0514507715745, -0.220283670294, -0.099291402558, -1.13402101251, -1.39200470992, -1.535928199, -1.79549657461
l_arm:0.0557394731138, -0.175246686858, 0.00816154462101, -1.26792378513, 1.55290326091, -1.55391715919, -3.01767554773
r_gripper: 0.095403
l_gripper: 0.036164
head:-0.0825118834818, 0.0908967474439
