l_arm:-0.275797756822, 0.407799829082, -0.205221559517, -1.9984548376, 1.69960973973, -0.123965751462, 12.7068459857
r_arm:0.111761176782, -0.108282800884, -0.201123210731, -1.48991029666, -1.59427571051, -1.45139836845, -31.3765457218
l_gripper:0.0549317768905
r_gripper:0.0874394342419
head:-0.0825034157983, 0.0397935069455
torso:0.0128082039373
time: 5.000000
label: LD_L_B

