r_arm:0.0961230073209, -0.100666449025, -0.154934527308, -1.48711677758, -1.50561638869, -1.40983934856, 1.58949740914
l_arm:-0.27854000807, 0.408965852101, -0.202544697229, -1.99843679477, 1.69960347342, -0.123909482277, 0.140506435538
r_gripper: 0.095045
l_gripper: 0.035970
head:-0.0820930044613, 0.0845088423816
