r_arm:0.0883297852894, -0.118346787954, -0.156057011093, -1.51954541693, -1.6052869195, -1.42415378327, -3.08975642081
l_arm:-0.27854000807, 0.408965852101, -0.202544697229, -1.99843679477, 1.69960347342, -0.123952991197, -6.14266022496
r_gripper: 0.095349
l_gripper: 0.035863
head:-0.0825118834818, 0.0774926187885
