r_arm:0.106735054343, -0.101681588102, -0.13408839988, -1.47958870059, -1.54038248795, -1.43411732597, 3.16773997683
l_arm:-0.27854000807, 0.409050447024, -0.202544697229, -1.99858156548, 1.69914069672, -0.123865973357, 0.140375908778
r_gripper: 0.035045
l_gripper: 0.035970
head:-0.0825118834818, 0.0845088423816
