r_arm:0.070587769175, -0.102019967794, -0.191335072894, -1.53199569811, -1.55629043686, -1.37886099744, 0.0554599042681
l_arm:-0.27854000807, 0.408965852101, -0.202544697229, -1.99843679477, 1.69960347342, -0.123952991197, 0.140462926618
r_gripper: 0.095045
l_gripper: 0.035970
head:-0.0825118834818, 0.0845088423816
