r_arm:-0.0880954964463, -0.120377066108, -0.183958750881, -1.5128859642, -1.40779696466, -1.39343648568, 0.0131257250112
l_arm:-0.27854000807, 0.408965852101, -0.202544697229, -1.99843679477, 1.69960347342, -0.123952991197, 0.140462926618
r_gripper: 0.087625
l_gripper: 0.035970
head:-0.0824071637266, 0.0856607596879
