r_arm:0.0289686472618, -0.166565894123, -0.0102944739227, -1.30238934985, -1.62345090481, -1.56999568344, -11.1152377867
l_arm:0.0731498627587, -0.185990242093, -0.00498755114132, -1.26618653659, 1.50697267387, -1.5740617892, -15.6127682649
r_gripper: 0.095490
l_gripper: 0.036442
head:-0.0825118834818, 0.0904778684234
