r_arm:0.068266383889, -0.197020066441, 0.0592995207218, -1.27010548121, -1.68957012519, -1.69299540056, -12.6219081808
l_arm:0.0731498627587, -0.18590564717, -0.00498755114132, -1.26618653659, 1.50697267387, -1.57423582488, -15.6127682649
r_gripper: 0.035490
l_gripper: 0.036442
head:-0.0825118834818, 0.0904778684234
