l_arm:-0.140659970531, 0.247577044722, -0.183734012783, -1.8560004576, 1.73790451129, -0.21450781419, -3.16325016519
r_arm:0.169049649376, -0.223331896306, -0.23383559531, -1.27434670741, -1.56361675443, -1.33536007854, 7.75977141666
l_gripper:0.02
r_gripper:0.0874230788155
head:-0.0825034157983, 0.0727802298082
torso:0.0128059948009
time: 5.000000
label: LU_R_B
