r_arm:0.128622401325, -0.236948870146, -0.201116717303, -1.26880254481, -1.5516626699, -1.35245108294, -3.18277849198
l_arm:-0.144480007803, 0.25145010528, -0.165983796817, -1.8551137905, 1.73795609206, -0.214364527164, -15.7297637511
r_gripper: 0.095562
l_gripper: 0.036442
head:-0.0826166032369, 0.0885929128312
