r_arm:0.14885161596, -0.25149919692, -0.169366461682, -1.24650785526, -1.56352132273, -1.42828713068, -1.61214998531
l_arm:-0.144480007803, 0.25145010528, -0.165983796817, -1.8551137905, 1.73789824498, -0.214495053925, -15.7296332243
r_gripper: 0.095562
l_gripper: 0.036442
head:-0.0826166032369, 0.0885929128312
