r_arm:0.115854782252, -0.230350466144, -0.224368167127, -1.29095246365, -1.53517625012, -1.30376460135, -4.74618451792
l_arm:-0.144480007803, 0.25145010528, -0.165983796817, -1.8551137905, 1.73789824498, -0.214495053925, -15.7296332243
r_gripper: 0.095562
l_gripper: 0.036442
head:-0.0825118834818, 0.0885929128312
