r_arm:0.172231282055, -0.265372764309, -0.138899044671, -1.2774887875, -1.68100875632, -1.47914905827, -6.30332525937
l_arm:-0.144480007803, 0.25145010528, -0.165983796817, -1.8551137905, 1.73789824498, -0.214538562845, -15.7296767332
r_gripper: 0.035562
l_gripper: 0.036442
head:-0.0820930044613, 0.0885929128312
