r_arm:-0.51365516334, 0.165638368908, 0.139957998386, -1.24404675317, -18.6763672082, -0.56706835326, 18.806691882
l_arm:-0.0459869463833, 0.10510088831, -0.089815254291, -1.51157289238, 0.699947963823, -0.0957157020529, -6.39986822639
r_gripper: 0.034843
l_gripper: 0.034843
head:0.411451201418, 0.0928864227911
