r_arm:0.0322849119561, 0.360883451433, 0.187743736644, -1.18425644936, -0.230724439386, -0.797773338536, -0.0684348534955
l_arm:0.534442281733, 0.343743166387, -0.543779767744, -1.1544235474, -4.56153382977, -0.132698284138, 12.3170686286
r_gripper: 0.030696
l_gripper: 0.080285
head:-0.29519770613, -0.0959232956896
