r_arm:0.244691665625, 0.342103378504, 0.159521287203, -1.91838872679, -21.7330072827, -0.303491315296, 8.90858659497
l_arm:0.553262083873, 0.106369812156, -0.0258336785694, -1.51287582879, -0.0608569237511, -0.414070470422, -6.45351472488
r_gripper: 0.037920
l_gripper: 0.080474
head:-0.0438702938426, 0.351648937692
