r_arm:0.212358084855, -0.208271191214, 0.0612237786382, -1.24665262597, -0.214469407953, -0.20961975663, 3.09579486967
l_arm:0.553427897108, 0.106369812156, -0.0258336785694, -1.51287582879, -6.34403396706, -0.414070470422, 12.3960373186
r_gripper: 0.038309
l_gripper: 0.080687
head:0.00367247498172, -0.121370196184
