r_arm:-0.513738069957, 0.165638368908, 0.139957998386, -1.24390198245, -18.6763672082, -0.56706835326, 18.806691882
l_arm:-0.0149798714918, 0.121681493238, -0.0474815801293, -1.52865583633, 0.297737168255, -0.0971514964161, -9.34067964484
r_gripper: 0.034843
l_gripper: 0.034843
head:0.411765360683, 0.0928864227911
