l_arm:-0.232188876093, -0.288839362683, 0.00275865028505, -1.24231741204, 1.89264546889, -1.66596538871, 3.16634051306
r_arm:0.214979915392, 0.23271933415, 0.147969246277, -1.80348365752, -1.78193166058, -0.101751666958, 0.0633480134873
l_gripper:0.0868798622313
r_gripper:0.02
head:-0.0686804081225, -0.111735978713
torso:0.0128060952162
time: 5.000000
label: RB_B_B

