r_arm:0.21567434955, 0.238390002778, 0.120875774048, -1.815456751, -1.78189407597, -0.0963050507483, -12.5030418111
l_arm:0.147185472059, -0.182944824861, -0.101200446963, -1.46365378692, 1.50101442391, -1.5242875846, -3.20576460932
r_gripper: 0.036355
l_gripper: 0.087551
head:-0.0823024439715, 0.0853466004225
