r_arm:-0.0177906849276, 0.240504875856, 0.194959703831, -1.80517803049, -1.7826460881, -0.102048228201, -12.503128829
l_arm:0.155144507325, -0.324133751522, -0.114028833073, -1.3591293333, 1.49413062057, -1.69462500679, -14.1981627457
r_gripper: 0.036355
l_gripper: 0.087611
head:-0.0825118834818, 0.0855560399328
