r_arm:0.21567434955, 0.238390002778, 0.120875774048, -1.815456751, -1.78189407597, -0.102259079122, 12.6297802199
l_arm:-0.169517806245, -0.257980521655, -0.00145974496119, -1.35681300192, 1.82894955984, -1.58608475412, -6.31379419508
r_gripper: 0.036101
l_gripper: 0.035307
head:-0.0828260427471, 0.0588525023772
