r_arm:-0.102852874336, -0.187714624899, -0.275040292259, -1.24549446028, -1.35932110579, -1.31233585861, -11.203299841
l_arm:0.0895653729954, -0.176431015782, -0.0267958075276, -1.32872748391, 1.56626593799, -1.6203987891, 0.0561426394653
r_gripper: 0.036355
l_gripper: 0.035444
head:-0.0823024439715, 0.0899542696478
