r_arm:-0.102852874336, -0.187714624899, -0.275040292259, -1.24549446028, -1.3592632587, -1.31159620697, -11.2033433499
l_arm:0.0972756884096, -0.17338559855, -0.0131656472862, -1.32452913328, 1.54243293817, -1.61295876377, -3.06427360116
r_gripper: 0.036355
l_gripper: 0.095444
head:-0.0825118834818, 0.0899542696478
