r_arm:-0.102852874336, -0.187630029976, -0.275040292259, -1.24549446028, -1.35920541162, -1.31198778725, -11.2033868588
l_arm:0.0860003884491, -0.196987582096, -0.0368981615889, -1.27371461358, 1.53462358143, -1.67622073359, -6.1834280831
r_gripper: 0.036355
l_gripper: 0.095486
head:-0.0825118834818, 0.0861843584635
