r_arm:-0.102852874336, -0.187714624899, -0.275040292259, -1.24549446028, -1.35914756453, -1.31163971589, -11.203299841
l_arm:0.0902286259343, -0.189966203479, -0.0280786461386, -1.29398251318, 1.54075537265, -1.65246486322, -4.63424947403
r_gripper: 0.036355
l_gripper: 0.095486
head:-0.0823024439715, 0.0861843584635
