r_arm:0.240380521522, 0.0980470253477, -0.0163879573248, -1.49290760603, 0.0284305101528, -0.216389670223, -4.94806590719
l_arm:-0.0521220360677, -0.354926303532, -0.0514904507886, -1.06929836911, 1.66830819938, -1.50731910576, -6.1412244306
r_gripper: 0.036008
l_gripper: 0.035525
head:-0.0825118834818, 0.0853466004225
