l_arm:-0.158153266793, -0.318024611154, -0.128571952512, -0.825088221834, 1.82114646942, -1.57468367434, 16.1362625769
r_arm:0.226421028587, 0.188814569059, 0.077894187153, -1.44112256692, 0.0158979547584, -0.221575232912, -30.1015603272
l_gripper:0.0869045890536
r_gripper:0.02
head:-0.0607217067334, -0.214466058485
torso:0.0128083043526
time: 5.000000
label: RF_F_B

