r_arm:-0.162877265302, -0.321205413558, -0.387609380371, -1.10260576814, -1.14008064625, -1.32821661445, -5.00262609299
l_arm:0.0618745627982, -0.22871067826, -0.035615322978, -1.26271203952, 1.62237761234, -1.57018949531, 7.96032113612
r_gripper: 0.036242
l_gripper: 0.035505
head:-0.0829307625022, 0.0803200521768
