r_arm:-0.162877265302, -0.321290008481, -0.387609380371, -1.10260576814, -1.14013849334, -1.32839065013, -5.00271311083
l_arm:0.0655224539619, -0.210607364716, -0.0332100005824, -1.29977334163, 1.6292035686, -1.5506974991, 11.0578951937
r_gripper: 0.036242
l_gripper: 0.035377
head:-0.0826166032369, 0.0942477796077
