r_arm:-0.52335523757, -0.284237432161, -0.927844790411, -1.26141923853, -0.430875360235, -0.97939890833, 13.4526347823
l_arm:0.0944568634195, -0.0561370351273, 0.384193612458, -1.38475374921, 1.45201794127, -1.19759918462, 6.43955719872
r_gripper: 0.03
l_gripper: 0.03
head:0.0738347109119, 0.252584049349
torso:0.0128311990394
