r_arm:-0.522857797866, -0.284237432161, -0.927844790411, -1.26199832138, -0.430643971887, -0.97935539941, 13.4525912734
l_arm:0.559977519879, -0.111462114838, 0.344906679998, -1.33958528726, 1.103894172, -1.37098223121, 6.51304376477
r_gripper: 0.03
l_gripper: 0.08
head:0.0738347109119, 0.252584049349
torso:0.0128310986241
